#PATH-POINTS-START Path
-159.747,-156.622,120,52
-158.14,-155.432,120
-156.533,-154.242,120
-154.926,-153.051,120
-153.319,-151.861,120
-151.711,-150.671,120
-150.104,-149.48,120
-148.497,-148.29,120
-146.89,-147.099,120
-145.283,-145.909,120
-143.676,-144.719,120
-142.068,-143.528,120
-140.461,-142.338,120
-138.854,-141.148,120
-137.247,-139.957,120
-135.64,-138.767,120
-134.032,-137.577,120
-132.425,-136.386,120
-130.818,-135.196,120
-129.211,-134.005,120
-127.604,-132.815,120
-125.996,-131.625,120
-124.389,-130.434,120
-122.782,-129.244,120
-122.014,-127.627,120,52
-121.998,-125.627,120
-121.983,-123.627,120
-121.968,-121.627,120
-121.952,-119.627,120
-121.937,-117.627,120
-121.922,-115.628,120
-121.906,-113.628,120
-121.891,-111.628,120
-121.876,-109.628,120
-121.86,-107.628,120
-121.845,-105.628,120
-121.83,-103.628,120
-121.814,-101.628,120
-121.799,-99.628,120
-121.784,-97.628,120
-121.769,-95.628,120
-121.753,-93.628,120
-121.738,-91.628,120
-121.723,-89.628,120
-121.707,-87.628,120
-121.692,-85.628,120
-121.677,-83.628,120
-121.661,-81.629,120
-121.646,-79.629,120
-121.631,-77.629,120
-121.615,-75.629,120
-121.6,-73.629,120
-121.585,-71.629,120
-121.569,-69.629,120
-121.554,-67.629,120
-121.539,-65.629,120
-121.524,-63.629,120
-121.508,-61.629,120
-121.493,-59.629,120
-121.478,-57.629,120
-121.462,-55.629,120
-121.447,-53.629,120
-121.432,-51.629,120
-121.416,-49.629,120
-121.401,-47.63,120
-121.386,-45.63,120
-121.37,-43.63,120
-121.355,-41.63,120
-121.34,-39.63,120
-121.324,-37.63,120
-121.309,-35.63,120
-121.294,-33.63,120
-121.279,-31.63,120
-121.263,-29.63,120
-121.248,-27.63,120
-121.233,-25.63,120
-121.217,-23.63,120
-121.202,-21.63,120
-121.187,-19.63,120
-121.171,-17.63,120
-121.156,-15.63,120
-121.141,-13.631,120
-121.125,-11.631,120
-121.11,-9.631,120
-121.095,-7.631,120
-121.079,-5.631,120
-121.064,-3.631,120
-121.049,-1.631,120
-121.034,0.369,120
-121.018,2.369,120
-121.003,4.369,120
-120.988,6.369,120
-120.972,8.369,120
-120.957,10.369,120
-120.942,12.369,120
-120.926,14.369,120
-120.911,16.369,120
-120.896,18.369,120
-120.88,20.368,120
-120.865,22.368,120
-120.85,24.368,120
-120.834,26.368,120
-120.819,28.368,120
-120.804,30.368,120
-120.789,32.368,120,0
-120.328,34.073,120
-118.492,34.866,120
-116.656,35.659,120
-114.82,36.452,120
-112.984,37.246,120
-111.148,38.039,120
-109.312,38.832,120
-107.476,39.625,120
-105.64,40.419,120
-103.804,41.212,120
-101.968,42.005,120
-100.132,42.798,120
-98.296,43.591,120
-96.46,44.385,120
-94.624,45.178,120
-92.788,45.971,120
-90.952,46.764,120
-89.116,47.558,120
-87.28,48.351,120
-85.444,49.144,120
-83.608,49.937,120
-81.772,50.731,120
-79.936,51.524,120
-78.1,52.317,120
-76.264,53.11,120
-74.428,53.904,120
-72.592,54.697,120
-70.756,55.49,120
-68.92,56.283,120
-67.085,57.076,120
-65.249,57.87,120
-63.413,58.663,120
-61.577,59.456,120
-59.924,59.416,120,0
-58.59,57.926,120
-57.257,56.435,120
-55.923,54.945,120
-54.589,53.454,120
-53.256,51.964,120
-51.922,50.473,120
-50.589,48.983,120
-49.255,47.492,120
-47.921,46.002,120
-46.588,44.512,120
-45.254,43.021,120
-43.921,41.531,120
-42.587,40.04,120
-41.253,38.55,120
-39.92,37.059,120
-38.586,35.569,120
-37.253,34.078,120
-35.919,32.588,120
-34.585,31.097,120
-33.252,29.607,120
-31.918,28.116,120
-30.584,26.626,120
-29.251,25.136,120
-27.917,23.645,120
-26.584,22.155,120
-25.25,20.664,120
-23.916,19.174,120
-22.583,17.683,120
-21.249,16.193,120
-19.916,14.702,120
-18.582,13.212,120
-17.248,11.721,120
-15.915,10.231,120
-14.581,8.74,120
-13.247,7.25,120
-11.914,5.76,120
-10.58,4.269,120
-9.247,2.779,120
-7.913,1.288,120
-6.579,-0.202,120
-6.359,-0.443,120,0
-7.685,1.054,120
-9.011,2.551,120
-10.337,4.048,120
-11.664,5.545,120
-12.99,7.043,120
-14.316,8.54,120
-15.642,10.037,120
-16.969,11.534,120
-18.295,13.031,120
-19.621,14.528,120
-20.947,16.025,120
-22.273,17.522,120
-23.6,19.019,120
-24.926,20.516,120
-26.252,22.013,120
-27.578,23.51,120
-28.904,25.007,120
-30.231,26.504,120
-31.557,28.001,120
-32.883,29.498,120
-34.209,30.995,120
-35.536,32.492,120
-36.862,33.989,120
-38.188,35.486,120
-39.514,36.983,120
-40.84,38.48,120
-42.167,39.977,120
-43.493,41.475,120
-44.819,42.972,120
-46.145,44.469,120
-47.472,45.966,120
-48.798,47.463,120
-50.124,48.96,120
-51.45,50.457,120
-52.776,51.954,120
-54.103,53.451,120
-55.429,54.948,120
-56.755,56.445,120
-58.081,57.942,120
-59.408,59.439,120
-60.534,61.001,120,0
-60.346,62.993,120
-60.158,64.984,120
-59.97,66.975,120
-59.782,68.966,120
-59.594,70.957,120
-59.407,72.948,120
-59.219,74.94,120
-59.031,76.931,120
-58.843,78.922,120
-58.655,80.913,120
-58.467,82.904,120
-58.28,84.895,120
-58.092,86.886,120
-57.904,88.878,120
-57.716,90.869,120
-57.528,92.86,120
-57.34,94.851,120
-57.152,96.842,120
-56.965,98.833,120
-56.777,100.825,120
-56.589,102.816,120
-56.401,104.807,120
-56.213,106.798,120
-56.025,108.789,120
-55.838,110.78,120
-55.65,112.772,120
-55.462,114.763,120
-55.274,116.754,120
-55.086,118.745,120,0
-56.519,119.226,120
-58.519,119.18,120
-60.518,119.134,120
-62.518,119.089,120
-64.517,119.043,120
-66.517,118.997,120
-68.516,118.951,120
-70.516,118.905,120
-72.515,118.859,120
-74.515,118.813,120
-76.514,118.767,120
-78.514,118.721,120
-80.513,118.675,120
-82.512,118.629,120
-84.512,118.583,120
-86.511,118.537,120
-88.511,118.491,120
-90.51,118.445,120
-92.51,118.399,120
-94.509,118.353,120
-96.509,118.307,120
-98.508,118.261,120
-100.508,118.215,120
-102.507,118.169,120
-104.507,118.123,120
-106.506,118.077,120
-108.506,118.031,120
-110.505,117.985,120
-112.505,117.939,120
-114.504,117.893,120
-116.503,117.847,120
-118.503,117.802,120
-120.502,117.756,120
-122.502,117.71,120
-124.501,117.664,120
-126.501,117.618,120
-128.5,117.572,120
-130.5,117.526,120
-132.499,117.48,120
-134.499,117.434,120
-136.498,117.388,120
-138.498,117.342,120
-140.497,117.296,120
-142.497,117.25,120
-144.496,117.204,120
-146.496,117.158,120
-148.495,117.112,120
-150.495,117.066,120,0
-150.701,118.385,120
-150.124,120.3,120
-149.547,122.215,120
-148.97,124.13,120
-148.393,126.045,120
-147.816,127.96,120
-147.239,129.875,120
-146.662,131.79,120
-146.085,133.705,120
-145.508,135.62,120
-144.931,137.535,120
-144.354,139.45,120
-143.777,141.365,120
-143.2,143.279,120
-142.623,145.194,120
-142.046,147.109,120
-141.469,149.024,120
-140.892,150.939,120
-140.315,152.854,120
-139.738,154.769,120
-140.269,156.185,120,0.6
-142.085,157.022,120
-143.902,157.858,120
-145.719,158.695,120
-147.535,159.531,120
-149.352,160.367,120
-151.169,161.204,120
-152.985,162.04,120
-154.802,162.877,120
-156.619,163.713,120
-158.436,164.55,120
-160.252,165.386,120
-162.069,166.222,120
-163.886,167.059,120
-165.702,167.895,120
-166.936,168.463,120,0
-166.936,168.463,0,0
#PATH-POINTS-START Path
-148.627,152.671,120,0
-147.346,151.135,120
-146.065,149.599,120
-144.784,148.063,120
-143.503,146.527,120
-142.222,144.991,120
-140.941,143.455,120
-139.66,141.919,120
-138.379,140.383,120
-137.098,138.847,120
-135.817,137.311,120
-134.536,135.775,120
-133.255,134.239,120
-131.974,132.703,120
-130.693,131.167,120
-129.412,129.631,120
-128.131,128.096,120
-126.85,126.56,120
-125.569,125.024,120
-124.288,123.488,120
-123.007,121.952,120
-121.726,120.416,120
-120.445,118.88,120
-119.164,117.344,120
-117.483,116.649,120,0
-115.483,116.624,120
-113.483,116.599,120
-111.484,116.574,120
-109.484,116.549,120
-107.484,116.524,120
-105.484,116.499,120
-103.484,116.474,120
-101.484,116.449,120
-99.485,116.424,120
-97.485,116.399,120
-95.485,116.374,120
-93.485,116.349,120
-91.485,116.324,120
-89.485,116.299,120
-87.485,116.274,120
-85.486,116.249,120
-83.486,116.224,120
-81.486,116.199,120
-79.486,116.174,120
-77.486,116.149,120
-75.486,116.124,120
-73.487,116.099,120
-71.487,116.074,120
-69.487,116.049,120
-67.487,116.024,120
-65.487,115.999,120
-63.487,115.974,120
-61.487,115.949,120
-59.488,115.924,120
-57.488,115.899,120
-55.488,115.874,120
-53.488,115.849,120
-51.488,115.824,120
-49.488,115.799,120
-47.489,115.774,120
-45.489,115.749,120
-43.489,115.724,120
-41.489,115.699,120
-39.489,115.674,120
-37.489,115.649,120
-35.49,115.624,120
-33.49,115.599,120
-31.49,115.574,120
-29.49,115.549,120
-27.49,115.524,120
-25.49,115.499,120
-23.49,115.474,120
-21.491,115.449,120
-19.491,115.424,120
-17.491,115.399,120
-15.491,115.374,120
-13.491,115.349,120
-11.491,115.324,120
-9.492,115.299,120
-7.492,115.274,120
-5.492,115.249,120
-3.492,115.224,120
-1.492,115.199,120,0
-0.538,116.233,120
-0.538,118.233,120
-0.538,120.233,120
-0.538,122.233,120
-0.538,124.233,120
-0.538,126.233,120
-0.538,128.233,120
-0.538,130.233,120
-0.538,132.233,120
-0.538,134.233,120
-0.538,136.233,120
-0.538,138.233,120
-0.538,140.233,120
-0.538,142.233,120
-0.538,144.233,120
-0.538,146.233,120
-0.553,146.951,120,0
-0.598,144.951,120
-0.643,142.952,120
-0.688,140.952,120
-0.733,138.953,120
-0.778,136.953,120
-0.824,134.954,120
-0.869,132.954,120
-0.914,130.955,120
-0.959,128.955,120
-1.004,126.956,120
-1.049,124.956,120
-1.094,122.957,120
-1.139,120.957,120
-1.184,118.958,120
-1.229,116.958,120
-1.275,114.959,120
-0.359,113.386,120,0
1.156,112.08,120
2.67,110.773,120
4.184,109.467,120
5.698,108.16,120
7.213,106.854,120
8.727,105.548,120
10.241,104.241,120
11.756,102.935,120
13.27,101.628,120
14.784,100.322,120
16.299,99.015,120
17.813,97.709,120
19.327,96.402,120
20.842,95.096,120
22.356,93.789,120
23.87,92.483,120
25.385,91.176,120
26.899,89.87,120
28.413,88.563,120
29.928,87.257,120
31.442,85.951,120
32.956,84.644,120
34.47,83.338,120
35.985,82.031,120
37.499,80.725,120
39.013,79.418,120
40.528,78.112,120
42.042,76.805,120
43.556,75.499,120
45.071,74.192,120
46.585,72.886,120
48.099,71.579,120
49.614,70.273,120
51.128,68.966,120
52.642,67.66,120
54.157,66.354,120
55.671,65.047,120
57.185,63.741,120
58.699,62.434,120
60.214,61.128,120
61.728,59.821,120
63.242,58.515,120
64.757,57.208,120
66.271,55.902,120,0
67.652,54.461,120
68.97,52.957,120
70.289,51.453,120
71.607,49.949,120
72.925,48.445,120
74.244,46.941,120
75.562,45.437,120
76.88,43.933,120
78.199,42.429,120
79.517,40.925,120
80.835,39.421,120
82.154,37.917,120
83.472,36.413,120
84.79,34.909,120
86.109,33.405,120
87.427,31.901,120
88.745,30.397,120
90.064,28.893,120
91.382,27.389,120
92.7,25.885,120
94.019,24.381,120
95.337,22.877,120
96.655,21.373,120
97.974,19.869,120
99.292,18.365,120
100.61,16.861,120
101.929,15.357,120
103.247,13.853,120
104.565,12.349,120
105.883,10.845,120
107.202,9.341,120
108.52,7.837,120
109.838,6.333,120
111.157,4.829,120
112.475,3.325,120
113.793,1.821,120,0
114.202,2.944,120
114.307,4.941,120
114.413,6.938,120
114.518,8.935,120
114.624,10.933,120
114.73,12.93,120
114.835,14.927,120
114.941,16.924,120
115.046,18.921,120
115.152,20.919,120
115.257,22.916,120
115.363,24.913,120
115.468,26.91,120
115.574,28.908,120
115.679,30.905,120
115.785,32.902,120
115.89,34.899,120
115.996,36.896,120
116.102,38.894,120
116.207,40.891,120
116.313,42.888,120
116.418,44.885,120
116.524,46.882,120
116.629,48.88,120
116.735,50.877,120
116.84,52.874,120
116.946,54.871,120
117.051,56.869,120
117.157,58.866,120
117.262,60.863,120
117.368,62.86,120
117.473,64.857,120
117.579,66.855,120
117.685,68.852,120
117.79,70.849,120
117.896,72.846,120
118.001,74.843,120
118.107,76.841,120
118.212,78.838,120
118.318,80.835,120
118.423,82.832,120
118.529,84.83,120
118.634,86.827,120
118.74,88.824,120
118.845,90.821,120
118.951,92.818,120
119.057,94.816,120
119.162,96.813,120
119.268,98.81,120
119.373,100.807,120
119.479,102.804,120
119.584,104.802,120
119.69,106.799,120
119.795,108.796,120
119.901,110.793,120
119.916,111.082,120,0
119.811,109.084,120
119.706,107.087,120
119.601,105.09,120
119.496,103.093,120
119.391,101.095,120
119.285,99.098,120
119.18,97.101,120
119.075,95.104,120
118.97,93.106,120
118.865,91.109,120
118.76,89.112,120
118.655,87.115,120
118.55,85.118,120
118.445,83.12,120
118.339,81.123,120
118.234,79.126,120
118.129,77.129,120
118.024,75.131,120
117.919,73.134,120
117.814,71.137,120,0
118.955,72.478,120
120.184,74.055,120
121.413,75.633,120
122.643,77.211,120
123.872,78.788,120
125.101,80.366,120
126.331,81.943,120
127.56,83.521,120
128.789,85.099,120
130.018,86.676,120
131.248,88.254,120
132.477,89.831,120
133.706,91.409,120
134.936,92.987,120
136.165,94.564,120
137.394,96.142,120
138.624,97.719,120
139.853,99.297,120
141.082,100.875,120
142.311,102.452,120
143.541,104.03,120
144.77,105.607,120
145.999,107.185,120
147.229,108.763,120
148.458,110.34,120
149.687,111.918,120
149.33,111.45,120,0
148.108,109.867,120
146.886,108.284,120
145.663,106.701,120
144.441,105.118,120
143.219,103.535,120
141.996,101.952,120
140.774,100.369,120
139.552,98.786,120
138.329,97.203,120
137.107,95.62,120
135.885,94.037,120
134.662,92.454,120
133.44,90.871,120
132.218,89.288,120
130.995,87.705,120
129.773,86.122,120
128.551,84.539,120
127.328,82.956,120
126.106,81.373,120
124.884,79.79,120
123.661,78.207,120
122.439,76.624,120
121.217,75.041,120
119.995,73.458,120
118.772,71.875,120
117.55,70.292,120,0
116.106,70.936,120
114.595,72.247,120
113.085,73.558,120
111.574,74.869,120
110.064,76.18,120
108.554,77.491,120
107.043,78.802,120
105.533,80.113,120
104.022,81.424,120
102.512,82.735,120
101.001,84.046,120
99.491,85.357,120
97.981,86.668,120
96.47,87.979,120
94.96,89.29,120
93.449,90.601,120
91.939,91.912,120
90.428,93.223,120
88.918,94.533,120
87.407,95.844,120
85.897,97.155,120
84.387,98.466,120
82.876,99.777,120
81.366,101.088,120
79.855,102.399,120
78.345,103.71,120
76.834,105.021,120
75.324,106.332,120
73.814,107.643,120
72.303,108.954,120
70.793,110.265,120
69.282,111.576,120
67.772,112.887,120
66.261,114.198,120
64.751,115.509,120
63.24,116.82,120
61.73,118.131,120
60.22,119.441,120,0
60.651,117.587,120
61.135,115.646,120
61.619,113.706,120
62.103,111.765,120
62.587,109.824,120
63.071,107.884,120
63.555,105.943,120
64.039,104.003,120
64.523,102.062,120
65.007,100.122,120
65.491,98.181,120
65.975,96.241,120
66.458,94.3,120
66.942,92.359,120
67.426,90.419,120
67.91,88.478,120
68.394,86.538,120
68.878,84.597,120
69.362,82.657,120
69.846,80.716,120
70.33,78.775,120
70.814,76.835,120
71.298,74.894,120
71.782,72.954,120
72.266,71.013,120
72.75,69.073,120
73.234,67.132,120
73.718,65.192,120
74.202,63.251,120
74.686,61.31,120
75.17,59.37,120
75.654,57.429,120
76.138,55.489,120
76.622,53.548,120
77.106,51.608,120
77.59,49.667,120
78.074,47.726,120
78.558,45.786,120
79.041,43.845,120
79.525,41.905,120
80.009,39.964,120
80.493,38.024,120
80.977,36.083,120
81.461,34.143,120
81.945,32.202,120
82.429,30.261,120
82.913,28.321,120
83.397,26.38,120
83.881,24.44,120
84.365,22.499,120
84.849,20.559,120
85.333,18.618,120
85.817,16.677,120
86.301,14.737,120
86.785,12.796,120
87.269,10.856,120
87.753,8.915,120
88.237,6.975,120
88.721,5.034,120
89.205,3.094,120
89.689,1.153,120
90.173,-0.788,120
90.657,-2.728,120
91.141,-4.669,120
91.624,-6.609,120
92.108,-8.55,120
92.592,-10.49,120
93.076,-12.431,120
93.56,-14.372,120
94.044,-16.312,120
94.528,-18.253,120
95.012,-20.193,120
95.496,-22.134,120
95.98,-24.074,120
96.464,-26.015,120
96.948,-27.955,120
97.432,-29.896,120
97.916,-31.837,120
98.4,-33.777,120
98.884,-35.718,120
99.368,-37.658,120
99.852,-39.599,120
100.336,-41.539,120
100.82,-43.48,120
101.304,-45.421,120
101.788,-47.361,120
102.272,-49.302,120
102.756,-51.242,120
103.24,-53.183,120
103.724,-55.123,120
104.208,-57.064,120
104.691,-59.004,120
105.175,-60.945,120,0
104.163,-61.675,120
102.164,-61.607,120
100.165,-61.539,120
98.166,-61.472,120
96.167,-61.404,120
94.168,-61.336,120
92.169,-61.268,120
90.171,-61.201,120
88.172,-61.133,120
86.173,-61.065,120
84.174,-60.997,120
82.175,-60.93,120
80.176,-60.862,120
78.178,-60.794,120
76.179,-60.726,120
74.18,-60.658,120
72.181,-60.591,120
70.182,-60.523,120
68.183,-60.455,120
66.184,-60.387,120
64.186,-60.32,120
62.187,-60.252,120
60.188,-60.184,120
60.77,-61.233,120,0
62.187,-62.644,120
63.605,-64.055,120
65.022,-65.466,120
66.44,-66.877,120
67.857,-68.288,120
69.275,-69.698,120
70.692,-71.109,120
72.11,-72.52,120
73.528,-73.931,120
74.945,-75.342,120
76.363,-76.753,120
77.78,-78.164,120
79.198,-79.574,120
80.615,-80.985,120
82.033,-82.396,120
83.451,-83.807,120
84.868,-85.218,120
86.286,-86.629,120
87.703,-88.04,120
89.121,-89.45,120
90.538,-90.861,120
91.956,-92.272,120
93.373,-93.683,120
94.791,-95.094,120
96.209,-96.505,120
97.626,-97.916,120
99.044,-99.326,120
100.461,-100.737,120
101.879,-102.148,120
103.296,-103.559,120
104.714,-104.97,120
106.132,-106.381,120
107.549,-107.792,120
108.967,-109.202,120
110.384,-110.613,120
111.802,-112.024,120
113.219,-113.435,120
114.637,-114.846,120
114.959,-115.147,120,0
113.566,-113.713,120
112.172,-112.278,120
110.779,-110.843,120
109.386,-109.408,120
107.993,-107.973,120
106.599,-106.538,120
105.206,-105.103,120
103.813,-103.669,120
102.419,-102.234,120
101.026,-100.799,120
99.633,-99.364,120
98.24,-97.929,120
96.846,-96.494,120
95.453,-95.059,120
94.06,-93.625,120
92.667,-92.19,120
91.273,-90.755,120
89.88,-89.32,120
88.487,-87.885,120
87.094,-86.45,120
85.7,-85.015,120
84.307,-83.581,120
82.914,-82.146,120
81.52,-80.711,120
80.127,-79.276,120
78.734,-77.841,120,0
79.193,-78.824,120
80.216,-80.543,120
81.239,-82.262,120
82.262,-83.98,120
83.285,-85.699,120
84.308,-87.417,120
85.331,-89.136,120
86.354,-90.855,120
87.377,-92.573,120
88.4,-94.292,120
89.423,-96.01,120
90.446,-97.729,120
91.469,-99.447,120
92.492,-101.166,120
93.515,-102.885,120
94.538,-104.603,120
95.561,-106.322,120
96.584,-108.04,120
97.607,-109.759,120
98.63,-111.478,120
99.653,-113.196,120
100.676,-114.915,120
101.699,-116.633,120
102.722,-118.352,120
103.745,-120.07,120
104.768,-121.789,120
105.791,-123.508,120
106.814,-125.226,120
107.837,-126.945,120
108.859,-128.663,120
109.882,-130.382,120
110.905,-132.101,120
111.928,-133.819,120
112.951,-135.538,120
113.974,-137.256,120
114.997,-138.975,120
116.02,-140.693,120
117.043,-142.412,120
118.066,-144.131,120
119.089,-145.849,120
120.277,-147.337,120,0
122.234,-147.753,120
124.19,-148.169,120
126.146,-148.585,120
128.103,-149,120
130.059,-149.416,120
132.015,-149.832,120
133.972,-150.248,120
135.928,-150.664,120
137.884,-151.08,120
139.84,-151.495,120
141.797,-151.911,120
143.753,-152.327,120
145.709,-152.743,120
147.666,-153.159,120
149.622,-153.575,120
151.578,-153.99,120
153.534,-154.406,120
154.619,-154.637,120,0
154.619,-154.637,0,0
#PATH-POINTS-START Path
154.825,-154.281,120,0
153.064,-153.333,120
151.303,-152.385,120
149.542,-151.436,120
147.781,-150.488,120
146.02,-149.54,120
144.259,-148.592,120
142.498,-147.644,120
140.738,-146.695,120
138.977,-145.747,120
137.216,-144.799,120
135.455,-143.851,120
133.694,-142.902,120
131.933,-141.954,120
130.172,-141.006,120
128.411,-140.058,120
126.65,-139.11,120
124.889,-138.161,120
123.128,-137.213,120
121.367,-136.265,120
119.606,-135.317,120
117.845,-134.369,120
116.084,-133.42,120
114.323,-132.472,120
112.563,-131.524,120
110.802,-130.576,120
109.041,-129.628,120
107.28,-128.679,120
105.519,-127.731,120
103.758,-126.783,120
101.997,-125.835,120
100.236,-124.886,120
98.475,-123.938,120
96.714,-122.99,120
94.953,-122.042,120
93.192,-121.094,120
91.431,-120.145,120
89.67,-119.197,120
87.909,-118.249,120
86.149,-117.301,120
84.388,-116.353,120
82.627,-115.404,120
80.866,-114.456,120
79.105,-113.508,120
77.344,-112.56,120
75.583,-111.611,120
73.822,-110.663,120
72.061,-109.715,120
71.673,-108.71,120,0
73.349,-107.619,120
75.025,-106.528,120
76.702,-105.437,120
78.378,-104.345,120
80.054,-103.254,120
81.73,-102.163,120
83.406,-101.072,120
85.082,-99.981,120
86.759,-98.89,120
88.435,-97.799,120
90.111,-96.708,120
91.787,-95.617,120
93.463,-94.526,120
95.139,-93.435,120
96.816,-92.343,120
98.492,-91.252,120
100.168,-90.161,120
101.844,-89.07,120
103.52,-87.979,120
105.196,-86.888,120
106.873,-85.797,120
108.549,-84.706,120
110.225,-83.615,120
111.901,-82.524,120
113.577,-81.433,120
115.253,-80.341,120
116.93,-79.25,120
118.606,-78.159,120
120.282,-77.068,120
121.958,-75.977,120
123.634,-74.886,120
125.31,-73.795,120
126.987,-72.704,120
128.663,-71.613,120
130.339,-70.522,120
132.015,-69.431,120
133.691,-68.34,120
135.367,-67.248,120
137.044,-66.157,120
138.72,-65.066,120
140.396,-63.975,120
141.593,-62.696,120,354.7000000000004
141.106,-60.756,120
140.619,-58.816,120
140.132,-56.876,120
139.645,-54.937,120
139.159,-52.997,120
138.672,-51.057,120
138.185,-49.117,120
137.698,-47.177,120
137.211,-45.237,120
136.724,-43.298,120
136.237,-41.358,120
135.751,-39.418,120
135.264,-37.478,120
134.777,-35.538,120
134.29,-33.598,120
133.803,-31.659,120
133.316,-29.719,120
132.83,-27.779,120
132.343,-25.839,120
131.856,-23.899,120
131.369,-21.959,120
130.882,-20.02,120
130.395,-18.08,120
130.178,-16.282,120,0
132.054,-15.587,120
133.929,-14.893,120
135.805,-14.198,120
137.68,-13.503,120
139.556,-12.809,120
141.431,-12.114,120
143.307,-11.42,120
144.423,-10.234,120,358.09999999999985
144.287,-8.239,120
144.151,-6.244,120
144.015,-4.248,120
143.878,-2.253,120
143.742,-0.258,120
143.606,1.738,120
143.469,3.733,120
143.333,5.729,120
143.197,7.724,120
143.061,9.719,120
142.924,11.715,120
142.788,13.71,120
142.652,15.705,120
142.516,17.701,120
142.379,19.696,120
142.243,21.691,120
142.107,23.687,120
141.97,25.682,120
141.834,27.677,120
141.698,29.673,120
141.562,31.668,120
141.425,33.663,120
141.289,35.659,120
141.153,37.654,120
141.017,39.65,120
140.88,41.645,120
140.744,43.64,120
140.608,45.636,120
140.472,47.631,120
140.335,49.626,120
140.199,51.622,120
140.063,53.617,120
139.926,55.612,120
139.79,57.608,120
139.654,59.603,120
139.518,61.598,120
139.381,63.594,120
139.245,65.589,120
139.109,67.584,120
138.973,69.58,120
138.836,71.575,120
138.7,73.571,120
138.564,75.566,120
138.428,77.561,120
138.291,79.557,120
138.155,81.552,120
138.019,83.547,120
137.882,85.543,120
137.746,87.538,120
137.61,89.533,120
137.474,91.529,120
137.337,93.524,120
137.201,95.519,120
137.065,97.515,120
136.929,99.51,120
136.792,101.505,120
136.656,103.501,120
136.52,105.496,120
136.384,107.492,120
136.247,109.487,120
136.111,111.482,120
135.975,113.478,120
135.838,115.473,120
135.702,117.468,120
135.566,119.464,120
135.43,121.459,120
135.293,123.454,120
135.157,125.45,120
135.021,127.445,120
134.885,129.44,120
134.748,131.436,120
134.612,133.431,120
134.476,135.426,120
134.339,137.422,120,0
134.728,139.164,120
136.374,140.3,120
138.02,141.435,120
139.667,142.571,120
141.313,143.706,120
142.96,144.842,120
144.606,145.977,120
146.253,147.112,120
147.899,148.248,120
149.545,149.383,120
151.192,150.519,120
152.838,151.654,120
154.485,152.79,120
155.437,153.446,120,0
155.437,153.446,0,0
#PATH.JERRYIO-DATA {"appVersion":"0.8.3","format":"path.jerryio v0.1","gc":{"robotWidth":14,"robotHeight":16,"robotIsHolonomic":false,"showRobot":false,"uol":2.54,"pointDensity":0.7874015748031495,"controlMagnetDistance":1.968503937007874,"fieldImage":{"displayName":"V5RC 2025 - High Stakes (Skills)","signature":"V5RC 2025 - High Stakes (Skills)","origin":{"__type":"built-in"}},"coordinateSystem":"Path-Based Coordinates"},"paths":[{"segments":[{"controls":[{"uid":"BDDybbkOl2","x":-62.89266091025893,"y":-61.66233769663581,"lock":false,"visible":true,"heading":52,"__type":"end-point"},{"uid":"dhWe9frOqp","x":-48.03999202010389,"y":-50.66170643934157,"lock":false,"visible":true,"heading":52,"__type":"end-point"}],"speedProfiles":[],"lookaheadKeyframes":[],"uid":"Kghfu5PrNN"},{"controls":[{"uid":"dhWe9frOqp","x":-48.03999202010389,"y":-50.66170643934157,"lock":false,"visible":true,"heading":52,"__type":"end-point"},{"uid":"AlsDlb9QyT","x":-47.55,"y":13.338,"lock":false,"visible":true,"heading":0,"__type":"end-point"}],"speedProfiles":[],"lookaheadKeyframes":[],"uid":"V125YKwNuy"},{"controls":[{"uid":"AlsDlb9QyT","x":-47.55,"y":13.338,"lock":false,"visible":true,"heading":0,"__type":"end-point"},{"uid":"woqpO2UEMv","x":-23.783665856141237,"y":23.60628287631916,"lock":false,"visible":true,"heading":0,"__type":"end-point"}],"speedProfiles":[],"lookaheadKeyframes":[],"uid":"Va4mdYKsFP"},{"controls":[{"uid":"woqpO2UEMv","x":-23.783665856141237,"y":23.60628287631916,"lock":false,"visible":true,"heading":0,"__type":"end-point"},{"uid":"5wgk1NXLaA","x":-2.2849637586692375,"y":-0.4209143765969668,"lock":false,"visible":true,"heading":0,"__type":"end-point"}],"speedProfiles":[],"lookaheadKeyframes":[],"uid":"PlfgC1hiqY"},{"controls":[{"uid":"5wgk1NXLaA","x":-2.2849637586692375,"y":-0.4209143765969668,"lock":false,"visible":true,"heading":0,"__type":"end-point"},{"uid":"DoCWVdQXMR","x":-23.841922112320507,"y":23.912682845622832,"lock":false,"visible":true,"heading":0,"__type":"end-point"}],"speedProfiles":[],"lookaheadKeyframes":[],"uid":"w2vrrdIXmL"},{"controls":[{"uid":"DoCWVdQXMR","x":-23.841922112320507,"y":23.912682845622832,"lock":false,"visible":true,"heading":0,"__type":"end-point"},{"uid":"NuBxbYBoa3","x":-21.668312135579615,"y":46.95294859907637,"lock":false,"visible":true,"heading":0,"__type":"end-point"}],"speedProfiles":[],"lookaheadKeyframes":[],"uid":"Y7UU5AljeU"},{"controls":[{"uid":"NuBxbYBoa3","x":-21.668312135579615,"y":46.95294859907637,"lock":false,"visible":true,"heading":0,"__type":"end-point"},{"uid":"NEaspbDn3V","x":-59.48912573087128,"y":46.08350460838001,"lock":false,"visible":true,"heading":0,"__type":"end-point"}],"speedProfiles":[],"lookaheadKeyframes":[],"uid":"McBX4qJ9Y5"},{"controls":[{"uid":"NEaspbDn3V","x":-59.48912573087128,"y":46.08350460838001,"lock":false,"visible":true,"heading":0,"__type":"end-point"},{"uid":"mA27BDnkto","x":-54.893,"y":61.338,"lock":false,"visible":true,"heading":0.6,"__type":"end-point"}],"speedProfiles":[],"lookaheadKeyframes":[],"uid":"iVfaAzcMW4"},{"controls":[{"uid":"mA27BDnkto","x":-54.893,"y":61.338,"lock":false,"visible":true,"heading":0.6,"__type":"end-point"},{"uid":"RzbiWPIepW","x":-65.72277337435469,"y":66.32407962663606,"lock":false,"visible":true,"heading":0,"__type":"end-point"}],"speedProfiles":[],"lookaheadKeyframes":[],"uid":"oqRhIVunUL"}],"pc":{"speedLimit":{"minLimit":{"value":0,"label":"0"},"maxLimit":{"value":600,"label":"600"},"step":1,"from":40,"to":120},"bentRateApplicableRange":{"minLimit":{"value":0,"label":"0"},"maxLimit":{"value":1,"label":"1"},"step":0.001,"from":0,"to":0.1}},"name":"Path","uid":"hUVbGMlyXe","lock":false,"visible":true},{"segments":[{"controls":[{"uid":"tpzqHLEX5Q","x":-58.51442970151689,"y":60.10653279606866,"lock":false,"visible":true,"heading":0,"__type":"end-point"},{"uid":"PASKStXlX6","x":-46.69155740578063,"y":45.93038247420861,"lock":false,"visible":true,"heading":0,"__type":"end-point"}],"speedProfiles":[],"lookaheadKeyframes":[],"uid":"t3riPMGPwK"},{"controls":[{"uid":"PASKStXlX6","x":-46.69155740578063,"y":45.93038247420861,"lock":false,"visible":true,"heading":0,"__type":"end-point"},{"uid":"9O3THEJUiU","x":-0.21177157790330436,"y":45.34938515136015,"lock":false,"visible":true,"heading":0,"__type":"end-point"}],"speedProfiles":[],"lookaheadKeyframes":[],"uid":"mlD6YcHRQY"},{"controls":[{"uid":"9O3THEJUiU","x":-0.21177157790330436,"y":45.34938515136015,"lock":false,"visible":true,"heading":0,"__type":"end-point"},{"uid":"5ET09tSMvs","x":-0.212,"y":58.107,"lock":false,"visible":true,"heading":0,"__type":"end-point"}],"speedProfiles":[],"lookaheadKeyframes":[],"uid":"cCL17tDXlq"},{"controls":[{"uid":"5ET09tSMvs","x":-0.212,"y":58.107,"lock":false,"visible":true,"heading":0,"__type":"end-point"},{"uid":"CAq8x0gPB8","x":-0.5086155354437097,"y":44.957232864939314,"lock":false,"visible":true,"heading":0,"__type":"end-point"}],"speedProfiles":[],"lookaheadKeyframes":[],"uid":"At9a47UR2H"},{"controls":[{"uid":"CAq8x0gPB8","x":-0.5086155354437097,"y":44.957232864939314,"lock":false,"visible":true,"heading":0,"__type":"end-point"},{"uid":"7vYnBozdoG","x":26.281895855919423,"y":21.843850488077017,"lock":false,"visible":true,"heading":0,"__type":"end-point"}],"speedProfiles":[],"lookaheadKeyframes":[],"uid":"hWu38KvREM"},{"controls":[{"uid":"7vYnBozdoG","x":26.281895855919423,"y":21.843850488077017,"lock":false,"visible":true,"heading":0,"__type":"end-point"},{"uid":"PN8i8Lesme","x":44.93019300088787,"y":0.5690326184651319,"lock":false,"visible":true,"heading":0,"__type":"end-point"}],"speedProfiles":[],"lookaheadKeyframes":[],"uid":"yXrb3MjWvF"},{"controls":[{"uid":"PN8i8Lesme","x":44.93019300088787,"y":0.5690326184651319,"lock":false,"visible":true,"heading":0,"__type":"end-point"},{"uid":"fV1sQe7rHa","x":47.228809218496735,"y":44.06930683193684,"lock":false,"visible":true,"heading":0,"__type":"end-point"}],"speedProfiles":[],"lookaheadKeyframes":[],"uid":"GXmJa8lhdr"},{"controls":[{"uid":"fV1sQe7rHa","x":47.228809218496735,"y":44.06930683193684,"lock":false,"visible":true,"heading":0,"__type":"end-point"},{"uid":"n3Im3jT9rn","x":46.380665166312404,"y":27.954569840434292,"lock":false,"visible":true,"heading":0,"__type":"end-point"}],"speedProfiles":[],"lookaheadKeyframes":[],"uid":"w97RfLDwSB"},{"controls":[{"uid":"n3Im3jT9rn","x":46.380665166312404,"y":27.954569840434292,"lock":false,"visible":true,"heading":0,"__type":"end-point"},{"uid":"yZV4LVh7TB","x":59.10282594907756,"y":44.28134284498293,"lock":false,"visible":true,"heading":0,"__type":"end-point"}],"speedProfiles":[],"lookaheadKeyframes":[],"uid":"W25Z0Uhp6C"},{"controls":[{"uid":"yZV4LVh7TB","x":59.10282594907756,"y":44.28134284498293,"lock":false,"visible":true,"heading":0,"__type":"end-point"},{"uid":"GbpAP8XrTD","x":46.16862915326632,"y":27.53049781434213,"lock":false,"visible":true,"heading":0,"__type":"end-point"}],"speedProfiles":[],"lookaheadKeyframes":[],"uid":"qZcASBsgyd"},{"controls":[{"uid":"GbpAP8XrTD","x":46.16862915326632,"y":27.53049781434213,"lock":false,"visible":true,"heading":0,"__type":"end-point"},{"uid":"UlFSX6ZT9v","x":23.692811770381184,"y":47.037811014582054,"lock":false,"visible":true,"heading":0,"__type":"end-point"}],"speedProfiles":[],"lookaheadKeyframes":[],"uid":"b4A2ixdy7k"},{"controls":[{"uid":"UlFSX6ZT9v","x":23.692811770381184,"y":47.037811014582054,"lock":false,"visible":true,"heading":0,"__type":"end-point"},{"uid":"7ay8CbASQD","x":41.48332095350717,"y":-24.29751813603821,"lock":false,"visible":true,"heading":0,"__type":"end-point"}],"speedProfiles":[],"lookaheadKeyframes":[],"uid":"Je9brvKw2P"},{"controls":[{"uid":"7ay8CbASQD","x":41.48332095350717,"y":-24.29751813603821,"lock":false,"visible":true,"heading":0,"__type":"end-point"},{"uid":"ztvOSTkWRN","x":23.5034720736485,"y":-23.688031733331144,"lock":false,"visible":true,"heading":0,"__type":"end-point"}],"speedProfiles":[],"lookaheadKeyframes":[],"uid":"H2tSXmvamY"},{"controls":[{"uid":"ztvOSTkWRN","x":23.5034720736485,"y":-23.688031733331144,"lock":false,"visible":true,"heading":0,"__type":"end-point"},{"uid":"9JBY65gAgB","x":45.47319719186376,"y":-45.553838343173545,"lock":false,"visible":true,"heading":0,"__type":"end-point"}],"speedProfiles":[],"lookaheadKeyframes":[],"uid":"7UFJqZgTtJ"},{"controls":[{"uid":"9JBY65gAgB","x":45.47319719186376,"y":-45.553838343173545,"lock":false,"visible":true,"heading":0,"__type":"end-point"},{"uid":"TGvPtIeW0D","x":30.869691322898827,"y":-30.5144069258813,"lock":false,"visible":true,"heading":0,"__type":"end-point"}],"speedProfiles":[],"lookaheadKeyframes":[],"uid":"oSeXcxFCb2"},{"controls":[{"uid":"TGvPtIeW0D","x":30.869691322898827,"y":-30.5144069258813,"lock":false,"visible":true,"heading":0,"__type":"end-point"},{"uid":"EDdhb70f0g","x":47.21689938517303,"y":-57.977716470501925,"lock":false,"visible":true,"heading":0,"__type":"end-point"}],"speedProfiles":[],"lookaheadKeyframes":[],"uid":"SZtqk5rjFt"},{"controls":[{"uid":"EDdhb70f0g","x":47.21689938517303,"y":-57.977716470501925,"lock":false,"visible":true,"heading":0,"__type":"end-point"},{"uid":"H7BQ1pjHN8","x":60.873581000937975,"y":-60.8806403347968,"lock":false,"visible":true,"heading":0,"__type":"end-point"}],"speedProfiles":[],"lookaheadKeyframes":[],"uid":"JW6CG1dBiO"}],"pc":{"speedLimit":{"minLimit":{"value":0,"label":"0"},"maxLimit":{"value":600,"label":"600"},"step":1,"from":40,"to":120},"bentRateApplicableRange":{"minLimit":{"value":0,"label":"0"},"maxLimit":{"value":1,"label":"1"},"step":0.001,"from":0,"to":0.1}},"name":"Path","uid":"mQqI5KAqzD","lock":false,"visible":true},{"segments":[{"controls":[{"uid":"VFlZjsu3Xd","x":60.954726545169784,"y":-60.740560602228314,"lock":false,"visible":true,"heading":0,"__type":"end-point"},{"uid":"oA5RlwanNA","x":27.954149363839477,"y":-42.970721188207975,"lock":false,"visible":true,"heading":0,"__type":"end-point"}],"speedProfiles":[],"lookaheadKeyframes":[],"uid":"byA38C4aYu"},{"controls":[{"uid":"oA5RlwanNA","x":27.954149363839477,"y":-42.970721188207975,"lock":false,"visible":true,"heading":0,"__type":"end-point"},{"uid":"Futy5hDgxc","x":55.78764446918592,"y":-24.85269135548247,"lock":false,"visible":true,"heading":354.7000000000004,"__type":"end-point"}],"speedProfiles":[],"lookaheadKeyframes":[],"uid":"EsWnG9c4Ku"},{"controls":[{"uid":"Futy5hDgxc","x":55.78764446918592,"y":-24.85269135548247,"lock":false,"visible":true,"heading":354.7000000000004,"__type":"end-point"},{"uid":"xWs1gle06X","x":51.16697060324856,"y":-6.441452412566049,"lock":false,"visible":true,"heading":0,"__type":"end-point"}],"speedProfiles":[],"lookaheadKeyframes":[],"uid":"WQCZLqsGFY"},{"controls":[{"uid":"xWs1gle06X","x":51.16697060324856,"y":-6.441452412566049,"lock":false,"visible":true,"heading":0,"__type":"end-point"},{"uid":"U2f8RMifcQ","x":56.87980998709168,"y":-4.325585974105622,"lock":false,"visible":true,"heading":358.09999999999985,"__type":"end-point"}],"speedProfiles":[],"lookaheadKeyframes":[],"uid":"hjbSmzM6V3"},{"controls":[{"uid":"U2f8RMifcQ","x":56.87980998709168,"y":-4.325585974105622,"lock":false,"visible":true,"heading":358.09999999999985,"__type":"end-point"},{"uid":"d8myCl9BMy","x":52.851693968624616,"y":54.65754143916124,"lock":false,"visible":true,"heading":0,"__type":"end-point"}],"speedProfiles":[],"lookaheadKeyframes":[],"uid":"thSfoY9zkr"},{"controls":[{"uid":"d8myCl9BMy","x":52.851693968624616,"y":54.65754143916124,"lock":false,"visible":true,"heading":0,"__type":"end-point"},{"uid":"KGYUw3qR5S","x":61.19564857830626,"y":60.41199289411411,"lock":false,"visible":true,"heading":0,"__type":"end-point"}],"speedProfiles":[],"lookaheadKeyframes":[],"uid":"VWwXa8ZQMp"}],"pc":{"speedLimit":{"minLimit":{"value":0,"label":"0"},"maxLimit":{"value":600,"label":"600"},"step":1,"from":40,"to":120},"bentRateApplicableRange":{"minLimit":{"value":0,"label":"0"},"maxLimit":{"value":1,"label":"1"},"step":0.001,"from":0,"to":0.1}},"name":"Path","uid":"vV1aSl1ZQk","lock":true,"visible":true}]}